959
274525 131905
304446 115922
192437 916447
354102 969733
463871 295612
625347 364865
246298 668944
909743 902620
138691 793804
511841 923540
446533 329642
648486 207633
733577 248494
586806 197252
909944 210200
498292 998580
895366 753900
92092 699033
978609 702491
904007 995572
928806 744781
854141 146353
667736 769184
386925 60992
519123 824609
138759 287915
242097 651386
821660 638738
684198 270339
211563 640075
41778 486467
154287 842514
937728 22095
688344 97524
396584 164628
827317 701616
498602 327340
548413 830791
934699 194030
410441 950390
601376 929224
810355 58663
729979 849764
346238 96948
949036 439990
400237 752129
258192 190429
998837 748331
831874 566072
788434 246666
286963 856554
412215 118369
516510 690943
879572 610617
886771 35400
211692 851284
183938 548168
636002 475737
113261 771002
494886 32384
6374 515796
49512 814224
587926 550854
884855 665045
72428 184508
152967 116499
57655 723769
166438 245686
132766 410308
698816 310081
820798 682078
721409 707063
313669 580964
463115 33576
25266 460996
765941 386197
599367 308189
711227 682323
367722 722269
674635 174757
398445 713201
761543 72179
671930 307051
323098 564804
471298 55954
980806 84293
758775 85987
490912 190960
297656 553335
717433 818236
744856 932027
370159 450819
885493 947551
425621 382072
867348 225533
23379 143429
421635 260054
966620 465302
992804 815950
479166 286095
81952 611976
693714 415586
816623 131582
973026 328325
855535 934491
633471 527325
212897 604449
779876 50694
553552 778037
87478 598422
949857 992410
252166 933199
767962 978225
70846 223488
459741 1894
485088 926804
853371 442443
148059 6380
21703 46290
48148 888961
757448 590240
876082 483130
534644 320372
258516 271361
636811 129998
735846 997782
827702 370489
978961 576673
969378 778894
213069 950359
500300 748242
557437 504273
532272 53396
672373 990191
808836 961308
121743 410816
827808 92947
198115 553238
488652 627256
769685 532935
782306 894956
619403 55931
595119 72307
578509 202308
901210 102035
22101 349513
196690 648492
296034 550095
477829 67432
25258 612090
752603 746012
884611 353036
770897 445384
159854 520018
423658 796203
455766 886647
193870 918587
738574 413222
818947 360340
694265 717553
465794 456717
26114 931494
656434 825660
763591 215627
954640 776505
865035 224499
471756 986936
828167 629530
451152 735749
874119 315276
827876 366979
70223 397918
820126 414555
664043 572165
148870 730114
164273 343640
986162 305920
742033 354897
531454 640847
502906 579235
329661 88080
185639 961789
867021 224443
340753 35963
724308 747984
37934 415002
63127 186625
715554 900921
937212 516907
159316 573449
706952 530127
666660 808619
829031 388764
370762 922792
211051 515245
989994 806115
887575 347474
155010 659275
661419 319375
5964 498193
141746 732939
988345 347260
208512 467138
179399 363602
60877 734801
164811 145197
187411 274335
711181 816789
515101 451270
619355 284711
898607 12855
145658 896638
773749 535719
461771 289264
314850 78872
665393 119797
359043 202279
199850 611830
844947 357920
502930 233442
757547 850898
610433 931105
25469 53240
206701 73997
40898 976822
147780 549456
729916 868780
316318 640674
201136 425431
11370 954912
553472 665598
674286 177294
842487 149367
135702 962056
61470 452545
218994 372918
128704 325898
129401 6181
322707 537703
774881 369104
423019 679271
189803 734333
329213 638737
278990 710160
699472 779772
701668 658447
650934 522444
529824 637203
340420 1214
733315 853709
799369 538573
948667 803637
169435 98336
130510 668733
841784 616650
196706 846112
165991 490802
809386 976226
452242 579209
297830 997580
48938 921719
82045 850557
83356 800829
160915 163692
219946 242608
5869 117574
954351 16960
245721 868938
439470 528304
188325 874070
453570 37904
841605 62952
730244 628299
563575 642863
187670 30102
408506 170449
456850 377857
222422 246513
795393 822869
865801 464659
444123 643797
872302 710061
696712 3576
320913 559326
967651 791720
245546 267447
564888 569742
301754 491037
840172 143826
378713 50549
619477 843302
941645 385832
90541 63951
611719 527393
731220 644469
31088 164686
439856 6396
557718 108458
133873 836414
933510 460641
166919 279138
811968 213927
746128 742395
933046 768612
618935 770111
706200 382885
599836 637486
883427 738255
752379 528084
347374 674440
118556 68540
974697 67806
11207 614790
733847 223885
825637 991835
157425 453906
147502 897219
419247 841290
160930 253616
340511 944277
533549 801694
662503 792680
251832 779337
757363 12781
685782 253775
405417 972296
755635 39299
983211 709759
708773 845342
143715 543938
189268 915680
661429 623192
642764 801389
871882 354285
486537 835509
58711 416810
238785 660187
292389 483537
305504 67941
519928 911956
666474 859244
837388 879153
701923 214516
491361 807337
827656 246089
848705 392535
856050 434634
454025 410264
482523 367520
677640 639782
486078 758457
114101 718282
201791 374110
253549 379685
124406 489332
120972 244094
708580 56380
794213 879411
776008 901432
122614 813005
702649 639105
131677 720961
35950 564191
128476 358898
914234 119370
978701 302595
387642 590786
487252 896368
776486 596675
16092 38490
565672 81270
829529 81240
522110 339614
206225 405327
971563 81721
362502 608002
546119 701049
636734 185895
647888 710719
31386 26743
552348 592236
203193 236040
343306 513287
774450 275646
820396 359871
450457 633797
199408 790036
579331 460027
949243 957486
76427 913217
4045 58691
169995 380065
637147 454032
215264 13458
668353 410568
130567 648470
983007 898575
73598 559350
176375 963842
989822 904406
139616 69746
497356 188020
726281 856799
369636 313078
692422 112504
730382 335254
579312 737328
479826 169442
945820 402156
964553 368301
698804 41310
863482 132164
885935 766211
722331 76984
579617 631768
168099 252543
392967 905224
543816 607957
485703 12547
496065 85344
211562 736542
493332 533849
536360 113823
453655 806713
252214 371910
102360 796621
251600 616911
794257 706867
385590 546012
802010 423739
618918 729117
759223 682876
889456 559126
313546 47049
249717 194272
833701 384275
290725 248032
983660 8851
785958 888341
320458 512048
50841 605160
768801 65119
311090 479604
189018 635777
604786 279284
349348 502097
341617 810627
851849 258829
349705 757315
122079 279004
439410 772106
847045 589398
214928 463417
603092 72190
850265 498847
222682 36018
313300 93647
898503 238
51159 212260
640349 657262
931626 635047
399249 569359
642699 843181
970370 764226
627140 672705
562940 773845
920287 420368
765689 658904
228503 173587
958421 962130
675249 191941
303498 922978
712167 934709
323868 697905
250535 848699
499222 959300
382679 400072
249026 699471
610516 837262
936526 767461
985095 301907
881093 217417
121144 374720
328980 842079
457176 823707
579307 818417
949449 394766
924469 229046
872142 317415
884810 887914
141015 24778
512329 692640
341192 744277
643137 65669
263108 259090
880546 800320
327367 83125
109409 929520
332297 599190
902633 721090
928518 712589
565118 320503
32009 844263
661032 914815
564868 95817
971324 460071
459159 332967
99963 282172
152809 632157
175208 735697
281426 814869
333563 247886
378698 48487
566182 26194
840274 61766
367478 187078
912920 139530
477832 369443
235533 201575
567099 694243
199897 892601
438918 413611
355200 149085
552449 236717
506305 776559
819428 417524
292994 469966
71838 904377
650438 271617
709455 389742
81876 491350
587899 962096
656553 546678
2746 71447
813876 463183
902282 369956
403091 905241
646009 72518
77742 212604
319902 396319
727315 990699
596499 524919
160314 130549
233656 63816
228849 800425
171990 184189
299764 939038
10473 892417
77784 121241
782249 798313
118439 483253
853523 526534
243837 592222
995471 291775
503842 530939
898695 476297
962313 57640
631573 27673
922065 936109
684040 302377
133884 659705
979444 798594
432265 432734
701607 468686
118640 652156
442459 670282
97166 931151
357070 470575
575552 174880
499307 489827
389526 717485
617311 154178
690793 557422
742288 606142
810219 646756
20833 675451
249013 161687
763833 709513
109665 495577
583050 12958
819041 563945
294801 770132
427427 184557
319817 720858
132240 164326
892716 847552
840090 614469
865552 399059
797538 444966
223874 876885
606262 963210
654429 138967
593800 866552
360437 206877
785929 409618
223567 241693
334769 400373
96465 914380
782558 94715
449747 99751
56825 61928
386741 316054
725663 261623
337242 498399
960900 536295
289016 397582
816896 798197
196657 624615
829525 794348
531629 135489
20076 75622
27891 628465
249642 409691
400054 584945
647804 220721
905184 42825
1695 851608
338614 645546
255255 439085
35669 486981
203470 204928
839543 466868
646454 2584
863205 251079
252046 680858
83260 353908
72019 390073
360333 671638
735662 168158
895496 681677
703616 944250
872697 763503
504436 781975
616011 837601
457518 898146
55552 12789
613925 540974
999445 515732
348384 147677
776287 812260
79513 932958
622190 746746
260696 626144
200986 588345
715966 86285
928594 30322
241225 998284
393412 649592
159902 783770
794164 763926
657439 156511
176237 581907
19803 347142
711231 605580
78944 144870
741425 503988
572120 39037
272623 204144
136996 851800
207433 76486
87903 652853
957672 240340
930482 135498
655726 646957
542305 945110
958672 20949
804414 587284
69260 521743
874249 471140
572674 769273
2011 23809
388893 250061
754753 690831
617722 888814
874230 57234
182824 419691
381079 167879
521605 861509
55974 214463
473849 575623
120631 29853
532951 448171
238370 667756
696072 318314
549678 817457
803652 179102
150007 276804
937859 149691
301311 827763
659443 73674
195241 714714
87987 136396
631164 124674
755858 417734
172463 68423
492953 371847
23836 522368
298239 598159
58733 969695
861572 151196
723960 973944
429816 872479
883910 458142
627477 266787
503449 49030
423900 642665
806367 352994
192544 669651
955444 74265
684450 35034
148564 148323
212943 243198
336902 838643
68402 72949
911882 617171
69451 120774
405650 785411
89585 726638
192645 807470
310966 318260
759412 746907
710712 649541
333076 540502
736296 398857
251865 766260
93018 471147
188543 752456
638209 288450
642988 54203
493316 183978
307457 807087
747034 974824
641087 194411
605074 706732
911795 474480
777774 413323
621655 907030
717057 650868
667101 160058
550037 351525
428976 271484
211516 106138
416747 93923
253631 392470
951222 858229
632641 500641
963789 3306
570367 708990
134884 653956
197546 724041
134793 639900
47073 37367
537618 669302
376577 908481
607254 440192
843968 997087
832450 612395
505251 700484
44762 585380
530612 971329
508148 148034
227802 797144
795394 422605
778682 614714
528864 306211
665779 420674
272396 82004
910170 309763
687795 400980
259565 706997
680286 513590
258607 565968
381898 46518
791056 810224
947148 781376
269794 44354
833373 330907
194030 939788
443565 91993
961817 578476
744455 466469
595171 924431
554779 243428
665455 279028
107325 780355
339117 805193
398368 811443
108167 885829
741078 790196
528226 111884
525816 635626
958490 484848
820500 394219
561581 465189
723680 607254
927034 340844
48339 457540
659261 387300
714513 319611
877105 310088
452716 830276
903352 417861
53312 700834
964923 407592
301721 960467
408422 898587
853747 209270
251018 617460
586957 316838
193514 554820
96329 904593
136724 572185
91240 395399
354191 930562
950023 458328
695715 720594
343631 839213
914917 826582
387663 145342
56487 32854
684505 123383
862953 824559
610242 862613
199778 602008
325214 203668
949753 464813
889333 657838
605152 597188
694137 211223
662751 70184
469218 785919
382601 236812
807810 483227
690258 527464
224154 550979
248842 480824
706219 130502
831847 503362
387898 544110
249177 630939
429608 861005
497633 188887
563667 343729
406699 956988
431322 46386
509845 600787
656601 840430
590749 808756
47621 404238
11017 525447
454789 691750
256383 897549
831792 356950
867931 9595
950350 259997
445424 362395
593920 867019
428810 104786
479346 593757
132140 242274
739038 568668
84963 187038
136509 196249
449800 561605
632317 912076
898284 277382
378961 742388
69731 581625
519684 845349
424150 289182
714190 845420
277120 704134
312449 731761
257958 920326
20620 235019
339496 347239
46820 106716
499717 323295
167183 520980
252302 432019
224676 103847
534716 620656
743607 443648
305690 506175
970434 944594
489697 730443
51566 475742
405306 321985
36044 582734
870943 221977
626590 948587
618720 743236
952071 142056
794878 93238
702208 739251
865043 884914
455653 269907
661146 375899
688397 100606
10846 397699
572188 636136
825384 59843
630547 130807
759126 395999
7792 260252
318918 726998
55297 892867
570198 821029
753025 101175
547748 528678
504594 692871
600708 382667
919780 491758
297169 564120
173339 140122
303042 957513
310456 564026
91107 270241
445350 278934
379704 733638
97523 372868
40772 490435
379834 841675
955162 58892
503756 423429
916715 873967
938676 450518
396194 507599
785790 399980
953483 389506
429132 595676
505001 287251
901105 765862
415932 779615
331604 28010
137410 118788
940651 515706
279197 517863
344829 59992
327009 976148
380028 190248
479879 573972
452101 454501
216365 909368
840499 879329
816109 281108
287207 924791
735070 585656
567779 446823
536806 470144
106506 724232
934190 666664
311631 585123
41914 955329
6627 195719
756012 924715
526578 247820
985475 934773
841542 89463
